9 0.890514184397163 0.5070921985815601 0.2012411347517726 0.38061465721040144
11 0.6192375886524824 0.7724586288416074 0.07712765957446813 0.10047281323877072
4 0.8160460992907801 0.7163120567375887 0.24734042553191485 0.111111111111111
7 0.49822695035460995 0.5041371158392436 0.08333333333333336 0.15484633569739947
2 0.3656914893617021 0.41016548463356983 0.10726950354609921 0.17021276595744692
8 0.20124113475177302 0.3989361702127659 0.17198581560283685 0.24940898345153645
15 0.36657801418439706 0.7576832151300233 0.23315602836879415 0.2245862884160758
12 0.5270390070921986 0.7405437352245862 0.18173758865248232 0.30851063829787223
1 0.6152482269503544 0.5520094562647755 0.22163120567375902 0.26241134751773065
14 0.7531028368794328 0.5886524822695036 0.12500000000000047 0.1465721040189126
